2.60kg:
2.6

3.73kg:
2.6, 0.6

3.76kg:
2.6, 0.75

4.36kg:
2.6, 1.25

4.42kg:
2.6, 0.95

4.89kg:
2.6, 0.6, 0.75

5.03kg:
2.6, 1.2

5.13kg:
2.6, 1.75

5.49kg:
2.6, 0.6, 1.25

5.52kg:
2.6, 0.75, 1.25

5.55kg:
2.6, 0.6, 0.95

5.58kg:
2.6, 0.75, 0.95

5.69kg:
2.6, 1.5

5.70kg:
2.6, 2.25

6.16kg:
2.6, 0.6, 1.2

6.18kg:
2.6, 0.95, 1.25

6.19kg:
2.6, 0.75, 1.2

6.26kg:
2.6, 0.6, 1.75

6.29kg:
2.6, 0.75, 1.75

6.65kg:
2.6, 0.6, 0.75, 1.25

6.71kg:
2.6, 0.6, 0.75, 0.95

6.79kg:
2.6, 1.2, 1.25

6.82kg:
2.6, 0.6, 1.5

6.83kg:
2.6, 0.6, 2.25

6.85kg:
2.6, 0.75, 1.5

6.86kg:
2.6, 0.75, 2.25

6.89kg:
2.6, 1.25, 1.75

6.95kg:
2.6, 0.95, 1.75

7.31kg:
2.6, 0.6, 0.95, 1.25

7.32kg:
2.6, 0.6, 0.75, 1.2

7.34kg:
2.6, 0.75, 0.95, 1.25

7.42kg:
2.6, 0.6, 0.75, 1.75

7.45kg:
2.6, 1.25, 1.5

7.46kg:
2.6, 1.25, 2.25

7.51kg:
2.6, 0.95, 1.5

7.52kg:
2.6, 0.95, 2.25

7.56kg:
2.6, 1.2, 1.75

7.92kg:
2.6, 0.6, 1.2, 1.25

7.95kg:
2.6, 0.75, 1.2, 1.25

7.98kg:
2.6, 0.6, 0.75, 1.5

7.99kg:
2.6, 0.6, 0.75, 2.25

8.01kg:
2.6, 0.75, 0.95, 1.2

8.02kg:
2.6, 0.6, 1.25, 1.75

8.05kg:
2.6, 0.75, 1.25, 1.75

8.08kg:
2.6, 0.6, 0.95, 1.75

8.11kg:
2.6, 0.75, 0.95, 1.75

8.12kg:
2.6, 1.2, 1.5

8.13kg:
2.6, 1.2, 2.25

8.22kg:
2.6, 1.5, 1.75

8.23kg:
2.6, 1.75, 2.25

8.58kg:
2.6, 0.6, 1.25, 1.5

8.59kg:
2.6, 0.6, 1.25, 2.25

8.61kg:
2.6, 0.75, 1.25, 1.5

8.62kg:
2.6, 0.75, 1.25, 2.25

8.64kg:
2.6, 0.6, 0.95, 1.5

8.65kg:
2.6, 0.6, 0.95, 2.25

8.67kg:
2.6, 0.75, 0.95, 1.5

8.68kg:
2.6, 0.75, 0.95, 2.25

8.69kg:
2.6, 0.6, 1.2, 1.75

8.71kg:
2.6, 0.95, 1.25, 1.75

8.72kg:
2.6, 0.75, 1.2, 1.75

8.79kg:
2.6, 1.5, 2.25

9.25kg:
2.6, 0.6, 1.2, 1.5

9.26kg:
2.6, 0.6, 1.2, 2.25

9.27kg:
2.6, 0.95, 1.25, 1.5

9.28kg:
2.6, 0.75, 1.2, 1.5

9.29kg:
2.6, 0.75, 1.2, 2.25

9.32kg:
2.6, 1.2, 1.25, 1.75

9.35kg:
2.6, 0.6, 1.5, 1.75

9.36kg:
2.6, 0.6, 1.75, 2.25

9.38kg:
2.6, 0.75, 1.5, 1.75

9.39kg:
2.6, 0.75, 1.75, 2.25

9.88kg:
2.6, 1.2, 1.25, 1.5

9.89kg:
2.6, 1.2, 1.25, 2.25

9.92kg:
2.6, 0.6, 1.5, 2.25

9.94kg:
2.6, 0.95, 1.2, 1.5

9.95kg:
2.6, 0.75, 1.5, 2.25

9.98kg:
2.6, 1.25, 1.5, 1.75

9.99kg:
2.6, 1.25, 1.75, 2.25

10.04kg:
2.6, 0.95, 1.5, 1.75

10.05kg:
2.6, 0.95, 1.75, 2.25

10.55kg:
2.6, 1.25, 1.5, 2.25

10.61kg:
2.6, 0.95, 1.5, 2.25

10.65kg:
2.6, 1.2, 1.5, 1.75

10.66kg:
2.6, 1.2, 1.75, 2.25

11.22kg:
2.6, 1.2, 1.5, 2.25

11.32kg:
2.6, 1.5, 1.75, 2.25

