2.60: (2.6,)
2.72: (2.72,)
3.73: (2.6, 0.6)
3.76: (2.6, 0.75)
3.85: (2.72, 0.6)
3.88: (2.72, 0.75)
4.36: (2.6, 1.25)
4.42: (2.6, 0.95)
4.48: (2.72, 1.25)
4.54: (2.72, 0.95)
4.89: (2.6, 0.6, 0.75)
5.01: (2.72, 0.6, 0.75)
5.03: (2.6, 1.2)
5.13: (2.6, 1.75)
5.15: (2.72, 1.2)
5.25: (2.72, 1.75)
5.49: (2.6, 0.6, 1.25)
5.52: (2.6, 0.75, 1.25)
5.55: (2.6, 0.6, 0.95)
5.58: (2.6, 0.75, 0.95)
5.61: (2.72, 0.6, 1.25)
5.64: (2.72, 0.75, 1.25)
5.67: (2.72, 0.6, 0.95)
5.69: (2.6, 1.5)
5.70: (2.72, 0.75, 0.95)
5.81: (2.72, 1.5)
5.82: (2.72, 2.25)
6.16: (2.6, 0.6, 1.2)
6.18: (2.6, 0.95, 1.25)
6.19: (2.6, 0.75, 1.2)
6.26: (2.6, 0.6, 1.75)
6.28: (2.72, 0.6, 1.2)
6.30: (2.72, 0.95, 1.25)
6.31: (2.72, 0.75, 1.2)
6.38: (2.72, 0.6, 1.75)
6.41: (2.72, 0.75, 1.75)
6.65: (2.6, 0.6, 0.75, 1.25)
6.70: (2.6, 0.6, 0.75, 0.95)
6.77: (2.72, 0.6, 0.75, 1.25)
6.79: (2.6, 1.2, 1.25)
6.82: (2.6, 0.6, 1.5)
6.83: (2.72, 0.6, 0.75, 0.95)
6.85: (2.6, 0.95, 1.2)
6.86: (2.6, 0.75, 2.25)
6.89: (2.6, 1.25, 1.75)
6.91: (2.72, 1.2, 1.25)
6.94: (2.72, 0.6, 1.5)
6.95: (2.72, 0.6, 2.25)
6.97: (2.72, 0.95, 1.2)
6.98: (2.72, 0.75, 2.25)
7.01: (2.72, 1.25, 1.75)
7.07: (2.72, 0.95, 1.75)
7.31: (2.6, 0.6, 0.95, 1.25)
7.32: (2.6, 0.6, 0.75, 1.2)
7.34: (2.6, 0.75, 0.95, 1.25)
7.42: (2.6, 0.6, 0.75, 1.75)
7.43: (2.72, 0.6, 0.95, 1.25)
7.44: (2.72, 0.6, 0.75, 1.2)
7.46: (2.72, 0.75, 0.95, 1.25)
7.51: (2.6, 0.95, 1.5)
7.52: (2.6, 0.95, 2.25)
7.53: (2.72, 0.6, 0.75, 1.75)
7.56: (2.6, 1.2, 1.75)
7.57: (2.72, 1.25, 1.5)
7.58: (2.72, 1.25, 2.25)
7.63: (2.72, 0.95, 1.5)
7.64: (2.72, 0.95, 2.25)
7.68: (2.72, 1.2, 1.75)
7.92: (2.6, 0.6, 1.2, 1.25)
7.94: (2.6, 0.75, 1.2, 1.25)
7.98: (2.6, 0.6, 0.95, 1.2)
7.99: (2.6, 0.6, 0.75, 2.25)
8.01: (2.6, 0.75, 0.95, 1.2)
8.02: (2.6, 0.6, 1.25, 1.75)
8.04: (2.72, 0.6, 1.2, 1.25)
8.07: (2.72, 0.75, 1.2, 1.25)
8.08: (2.6, 0.6, 0.95, 1.75)
8.10: (2.72, 0.6, 0.95, 1.2)
8.11: (2.72, 0.6, 0.75, 2.25)
8.13: (2.72, 0.75, 0.95, 1.2)
8.14: (2.72, 0.6, 1.25, 1.75)
8.17: (2.72, 0.75, 1.25, 1.75)
8.19: (2.72, 0.6, 0.95, 1.75)
8.21: (2.6, 1.5, 1.75)
8.23: (2.72, 0.75, 0.95, 1.75)
8.24: (2.72, 1.2, 1.5)
8.25: (2.72, 1.2, 2.25)
8.34: (2.72, 1.5, 1.75)
8.35: (2.72, 1.75, 2.25)
8.58: (2.6, 0.6, 1.25, 1.5)
8.59: (2.6, 0.6, 1.25, 2.25)
8.61: (2.6, 0.95, 1.2, 1.25)
8.64: (2.6, 0.6, 0.95, 1.5)
8.65: (2.6, 0.6, 0.95, 2.25)
8.67: (2.6, 0.75, 0.95, 1.5)
8.68: (2.6, 0.75, 0.95, 2.25)
8.69: (2.72, 0.6, 1.25, 1.5)
8.70: (2.6, 0.95, 1.25, 1.75)
8.71: (2.72, 0.6, 1.25, 2.25)
8.72: (2.6, 0.75, 1.2, 1.75)
8.73: (2.72, 0.95, 1.2, 1.25)
8.74: (2.72, 0.75, 1.25, 2.25)
8.76: (2.72, 0.6, 0.95, 1.5)
8.77: (2.72, 0.6, 0.95, 2.25)
8.78: (2.6, 1.5, 2.25)
8.79: (2.72, 0.75, 0.95, 1.5)
8.80: (2.72, 0.75, 0.95, 2.25)
8.81: (2.72, 0.6, 1.2, 1.75)
8.83: (2.72, 0.95, 1.25, 1.75)
8.84: (2.72, 0.75, 1.2, 1.75)
8.91: (2.72, 1.5, 2.25)
9.25: (2.6, 0.6, 1.2, 1.5)
9.26: (2.6, 0.6, 1.2, 2.25)
9.27: (2.6, 0.95, 1.25, 2.25)
9.29: (2.6, 0.75, 1.2, 2.25)
9.32: (2.6, 1.2, 1.25, 1.75)
9.35: (2.6, 0.6, 1.5, 1.75)
9.36: (2.6, 0.6, 1.75, 2.25)
9.37: (2.72, 0.6, 1.2, 1.5)
9.38: (2.72, 0.6, 1.2, 2.25)
9.39: (2.72, 0.95, 1.25, 1.5)
9.40: (2.72, 0.95, 1.25, 2.25)
9.41: (2.72, 0.75, 1.2, 2.25)
9.44: (2.72, 1.2, 1.25, 1.75)
9.47: (2.72, 0.6, 1.5, 1.75)
9.48: (2.72, 0.6, 1.75, 2.25)
9.50: (2.72, 0.95, 1.2, 1.75)
9.51: (2.72, 0.75, 1.75, 2.25)
9.88: (2.6, 1.2, 1.25, 1.5)
9.89: (2.6, 1.2, 1.25, 2.25)
9.92: (2.6, 0.6, 1.5, 2.25)
9.94: (2.6, 0.95, 1.2, 1.5)
9.95: (2.6, 0.95, 1.2, 2.25)
9.98: (2.6, 1.25, 1.5, 1.75)
9.99: (2.6, 1.25, 1.75, 2.25)
10.00: (2.72, 1.2, 1.25, 1.5)
10.01: (2.72, 1.2, 1.25, 2.25)
10.03: (2.6, 0.95, 1.5, 1.75)
10.04: (2.72, 0.6, 1.5, 2.25)
10.05: (2.6, 0.95, 1.75, 2.25)
10.06: (2.72, 0.95, 1.2, 1.5)
10.07: (2.72, 0.95, 1.2, 2.25)
10.10: (2.72, 1.25, 1.5, 1.75)
10.11: (2.72, 1.25, 1.75, 2.25)
10.16: (2.72, 0.95, 1.5, 1.75)
10.17: (2.72, 0.95, 1.75, 2.25)
10.55: (2.6, 1.25, 1.5, 2.25)
10.61: (2.6, 0.95, 1.5, 2.25)
10.65: (2.6, 1.2, 1.5, 1.75)
10.66: (2.6, 1.2, 1.75, 2.25)
10.67: (2.72, 1.25, 1.5, 2.25)
10.73: (2.72, 0.95, 1.5, 2.25)
10.77: (2.72, 1.2, 1.5, 1.75)
10.78: (2.72, 1.2, 1.75, 2.25)
11.22: (2.6, 1.2, 1.5, 2.25)
11.31: (2.6, 1.5, 1.75, 2.25)
11.34: (2.72, 1.2, 1.5, 2.25)
11.44: (2.72, 1.5, 1.75, 2.25)
