5.69:
2.6, 1.5
2.72, 0.75, 0.95

5.70:
2.6, 2.25
2.72, 0.75, 0.95

6.29:
2.6, 0.75, 1.75
2.72, 0.95, 1.25

6.95:
2.6, 0.95, 1.75
2.72, 0.6, 2.25

7.45:
2.6, 1.25, 1.5
2.72, 0.6, 0.75, 1.2

8.08:
2.6, 0.6, 0.95, 1.75
2.72, 0.75, 1.2, 1.25

8.12:
2.6, 1.2, 1.5
2.72, 0.6, 0.75, 2.25

8.13:
2.6, 1.2, 2.25
2.72, 0.6, 1.25, 1.75

8.23:
2.6, 1.75, 2.25
2.72, 1.2, 1.5

8.72:
2.6, 0.75, 1.2, 1.75
2.72, 0.6, 1.25, 2.25

9.38:
2.6, 0.75, 1.5, 1.75
2.72, 0.6, 1.2, 2.25

9.39:
2.6, 0.75, 1.75, 2.25
2.72, 0.95, 1.25, 1.5

